Here is the matrix m:
28 19 33
 0  1  5
37 35 38
13  7 17
 3  4  6
 2  0  3
 2  1  0
 4  0  5
 4  3  0
20 22 31
22 20 15
 5  1  8
 2  3  9
 9  3 15
 3  6 15
10  5 12
 5  8 12
10 12 23
 6  4 11
 4 10 11
 4  5 10
 8  1 13
 1  7 13
 7  2 14
 1  2  7
 2  9 14
15  6 22
19 17 33
13 17 19
16  7 14
31 26 36
26 32 36
27 23 35
26 24 32
22 24 26
22  6 24
21 19 28
 8 19 21
36 32 37
32 27 37
21 28 35
11 10 25
25 23 27
10 23 25
 8 13 19
34 30 40
30 31 40
18 30 34
18 20 30
20 18  9
17 16 29
 7 16 17
22 26 31
30 20 31
 9 15 20
27 35 37
24 25 32
24 11 25
25 27 32
 6 11 24
17 29 33
16 18 34
16 14 18
29 16 34
14  9 18
12  8 21
23 21 35
23 12 21
35 28 38
28 33 38
31 36 40
40 36 41
39 38 33
39 34 40
39 29 34
33 29 39
37 38 41
36 37 41
38 39 41
39 40 41
m
28 19 33
 0  1  5
37 35 38
13  7 17
 3  4  6
 2  0  3
 2  1  0
 4  0  5
 4  3  0
20 22 31
22 20 15
 5  1  8
 2  3  9
 9  3 15
 3  6 15
10  5 12
 5  8 12
10 12 23
 6  4 11
 4 10 11
 4  5 10
 8  1 13
 1  7 13
 7  2 14
 1  2  7
 2  9 14
15  6 22
19 17 33
13 17 19
16  7 14
31 26 36
26 32 36
27 23 35
26 24 32
22 24 26
22  6 24
21 19 28
 8 19 21
36 32 37
32 27 37
21 28 35
11 10 25
25 23 27
10 23 25
 8 13 19
34 30 40
30 31 40
18 30 34
18 20 30
20 18  9
17 16 29
 7 16 17
22 26 31
30 20 31
 9 15 20
27 35 37
24 25 32
24 11 25
25 27 32
 6 11 24
17 29 33
16 18 34
16 14 18
29 16 34
14  9 18
12  8 21
23 21 35
23 12 21
35 28 38
28 33 38
31 36 40
40 36 41
39 38 33
39 34 40
39 29 34
33 29 39
37 38 41
36 37 41
38 39 41
39 40 41
